{
 "cells": [
  {
   "cell_type": "code",
   "execution_count": 1,
   "metadata": {},
   "outputs": [],
   "source": [
    "import h5py\n",
    "import torch\n",
    "from pykeops.torch import LazyTensor\n",
    "import matplotlib\n",
    "import matplotlib.pyplot as plt\n",
    "from mpl_toolkits.mplot3d import Axes3D\n",
    "from sklearn.mixture import GaussianMixture\n",
    "from matplotlib.patches import Ellipse\n",
    "import numpy as np\n",
    "from math import pi, cos, sin\n",
    "from scipy.integrate import quad"
   ]
  },
  {
   "cell_type": "code",
   "execution_count": 2,
   "metadata": {},
   "outputs": [],
   "source": [
    "f = h5py.File('./MNIST data/train_0.h5', 'r')\n",
    "data = f['data']\n",
    "label = f['label']"
   ]
  },
  {
   "cell_type": "code",
   "execution_count": 3,
   "metadata": {},
   "outputs": [],
   "source": [
    "# parameters\n",
    "numOfClass = 10\n",
    "numOfImagesEachClass = 100\n",
    "numOfGaussian = 10\n",
    "eta = 1e-3\n",
    "epsilon = 0.1"
   ]
  },
  {
   "cell_type": "code",
   "execution_count": 5,
   "metadata": {},
   "outputs": [],
   "source": [
    "# data cleaning: choose images from each of the classes\n",
    "selectedData, selectedLabel = ImageChoosing(numOfImagesEachClass, numOfClass)\n",
    "\n",
    "# putting 1000 images together\n",
    "finalData = np.zeros((256 * numOfImagesEachClass * numOfClass, 4))\n",
    "finalData = selectedData.reshape((256 * numOfImagesEachClass * numOfClass, 4))"
   ]
  },
  {
   "cell_type": "code",
   "execution_count": 102,
   "metadata": {
    "scrolled": true
   },
   "outputs": [
    {
     "data": {
      "text/plain": [
       "tensor([[[ 1.3881e-02,  1.9484e-11, -2.3195e-03, -7.7641e-05],\n",
       "         [ 1.9484e-11,  1.0000e-06,  4.7144e-11,  4.5005e-13],\n",
       "         [-2.3195e-03,  4.7144e-11,  1.0032e-01,  1.2114e-04],\n",
       "         [-7.7641e-05,  4.5005e-13,  1.2114e-04,  1.6436e-05]],\n",
       "\n",
       "        [[ 9.2455e-03, -3.8658e-11, -3.4908e-03, -2.0831e-05],\n",
       "         [-3.8658e-11,  1.0000e-06,  2.0765e-10,  3.3862e-13],\n",
       "         [-3.4908e-03,  2.0765e-10,  8.2228e-02,  2.7266e-05],\n",
       "         [-2.0831e-05,  3.3862e-13,  2.7266e-05,  1.7265e-05]],\n",
       "\n",
       "        [[ 1.0660e-01,  2.5638e-11, -1.7477e-02, -2.8510e-05],\n",
       "         [ 2.5638e-11,  1.0000e-06,  1.0211e-10,  9.0939e-14],\n",
       "         [-1.7477e-02,  1.0211e-10,  1.1466e-01, -4.2041e-05],\n",
       "         [-2.8510e-05,  9.0939e-14, -4.2041e-05,  1.4826e-05]],\n",
       "\n",
       "        [[ 6.1380e-02, -5.9047e-12, -1.3720e-02, -1.9236e-03],\n",
       "         [-5.9047e-12,  1.0000e-06,  2.3922e-11,  5.7013e-12],\n",
       "         [-1.3720e-02,  2.3922e-11,  1.3274e-01,  2.3937e-03],\n",
       "         [-1.9236e-03,  5.7013e-12,  2.3937e-03,  4.5475e-02]],\n",
       "\n",
       "        [[ 1.5861e-02,  2.5298e-11,  1.1237e-03, -7.4022e-04],\n",
       "         [ 2.5298e-11,  1.0000e-06,  1.7140e-10, -5.2718e-12],\n",
       "         [ 1.1237e-03,  1.7140e-10,  9.7355e-02,  1.2695e-04],\n",
       "         [-7.4022e-04, -5.2718e-12,  1.2695e-04,  1.0611e-03]],\n",
       "\n",
       "        [[ 1.2195e-01,  4.1956e-11, -6.4042e-03,  2.5812e-03],\n",
       "         [ 4.1956e-11,  1.0000e-06,  2.4932e-11,  3.1262e-12],\n",
       "         [-6.4042e-03,  2.4932e-11,  4.5095e-02,  1.6882e-03],\n",
       "         [ 2.5812e-03,  3.1262e-12,  1.6882e-03,  7.6943e-03]],\n",
       "\n",
       "        [[ 1.0012e-01,  2.5991e-11, -1.3073e-02, -1.0442e-02],\n",
       "         [ 2.5991e-11,  1.0000e-06, -3.6425e-11, -3.5644e-12],\n",
       "         [-1.3073e-02, -3.6425e-11,  5.8221e-02,  2.6001e-03],\n",
       "         [-1.0442e-02, -3.5644e-12,  2.6001e-03,  4.9775e-03]],\n",
       "\n",
       "        [[ 7.2723e-02, -6.0616e-11, -1.4990e-02,  1.0077e-03],\n",
       "         [-6.0616e-11,  1.0000e-06, -1.6147e-11, -1.5875e-11],\n",
       "         [-1.4990e-02, -1.6147e-11,  1.3164e-01, -4.0926e-03],\n",
       "         [ 1.0077e-03, -1.5875e-11, -4.0926e-03,  4.5452e-02]],\n",
       "\n",
       "        [[ 3.3529e-02, -3.9934e-11,  8.0738e-04,  1.0028e-03],\n",
       "         [-3.9934e-11,  1.0000e-06,  6.8250e-11,  2.9021e-12],\n",
       "         [ 8.0738e-04,  6.8250e-11,  6.3051e-02, -1.1335e-03],\n",
       "         [ 1.0028e-03,  2.9021e-12, -1.1335e-03,  1.3339e-03]],\n",
       "\n",
       "        [[ 3.7578e-02, -1.7720e-11, -1.9550e-02,  3.7965e-04],\n",
       "         [-1.7720e-11,  1.0000e-06,  9.5175e-11, -3.8957e-11],\n",
       "         [-1.9550e-02,  9.5175e-11,  7.6506e-02, -7.2708e-03],\n",
       "         [ 3.7965e-04, -3.8957e-11, -7.2708e-03,  7.6286e-03]]],\n",
       "       dtype=torch.float64, requires_grad=True)"
      ]
     },
     "execution_count": 102,
     "metadata": {},
     "output_type": "execute_result"
    }
   ],
   "source": [
    "# initializing C\n",
    "gmm = GaussianMixture(n_components = numOfGaussian)\n",
    "gmm.fit(finalData)\n",
    "means = gmm.means_\n",
    "covariances = gmm.covariances_\n",
    "C = covariances\n",
    "C = torch.from_numpy(C)\n",
    "C.requires_grad_(True)"
   ]
  },
  {
   "cell_type": "code",
   "execution_count": 103,
   "metadata": {},
   "outputs": [
    {
     "name": "stdout",
     "output_type": "stream",
     "text": [
      "tensor([[0.1159, 0.1631, 0.1301,  ..., 0.1670, 0.0777, 0.1910],\n",
      "        [0.1778, 0.0914, 0.2158,  ..., 0.0143, 0.0927, 0.0715],\n",
      "        [0.1282, 0.0493, 0.0693,  ..., 0.1065, 0.2155, 0.1417],\n",
      "        ...,\n",
      "        [0.1282, 0.0562, 0.0065,  ..., 0.1309, 0.1427, 0.1302],\n",
      "        [0.1513, 0.1658, 0.1075,  ..., 0.1183, 0.1097, 0.0423],\n",
      "        [0.1227, 0.1536, 0.0177,  ..., 0.0317, 0.1606, 0.1639]],\n",
      "       dtype=torch.float64, requires_grad=True)\n"
     ]
    }
   ],
   "source": [
    "# initializing W\n",
    "W = np.random.random_sample((numOfClass * numOfImagesEachClass, numOfGaussian))\n",
    "\n",
    "# normalizing W\n",
    "W = NormalizingW(W)\n",
    "\n",
    "W = torch.from_numpy(W)\n",
    "W.requires_grad_(True)\n",
    "W.retain_grad()\n",
    "print(W)"
   ]
  },
  {
   "cell_type": "code",
   "execution_count": 104,
   "metadata": {},
   "outputs": [],
   "source": [
    "# initializing flag\n",
    "flag = 1\n",
    "\n",
    "# compute X\n",
    "X = GenerateX()\n",
    "X = torch.from_numpy(X)\n",
    "\n",
    "# compute Xhat\n",
    "Xhat = GenerateXhat()"
   ]
  },
  {
   "cell_type": "code",
   "execution_count": 105,
   "metadata": {},
   "outputs": [
    {
     "data": {
      "text/plain": [
       "tensor(11827.1808, dtype=torch.float64, grad_fn=<TraceBackward>)"
      ]
     },
     "execution_count": 105,
     "metadata": {},
     "output_type": "execute_result"
    }
   ],
   "source": [
    "# compute objective function E\n",
    "E = GenerateE()\n",
    "E.requires_grad_(True)"
   ]
  },
  {
   "cell_type": "code",
   "execution_count": 106,
   "metadata": {
    "scrolled": false
   },
   "outputs": [
    {
     "name": "stdout",
     "output_type": "stream",
     "text": [
      "Error of iteration 1 is: 11827.180830844158\n",
      "YCNew has negative components on the diag\n",
      "YCNew has negative components on the diag\n",
      "YCNew has negative components on the diag\n",
      "YCNew has negative components on the diag\n",
      "YCNew has negative components on the diag\n",
      "YCNew has negative components on the diag\n",
      "YCNew has negative components on the diag\n",
      "YCNew has negative components on the diag\n",
      "YCNew has negative components on the diag\n",
      "YCNew has negative components on the diag\n",
      "YCNew has negative components on the diag\n",
      "YCNew has negative components on the diag\n",
      "YCNew has negative components on the diag\n",
      "YCNew has negative components on the diag\n",
      "YCNew has negative components on the diag\n",
      "YCNew has negative components on the diag\n",
      "YCNew has negative components on the diag\n",
      "YCNew has negative components on the diag\n",
      "YCNew has negative components on the diag\n",
      "YCNew has negative components on the diag\n",
      "C has negative components on the diag\n",
      "C has negative components on the diag\n",
      "C has negative components on the diag\n",
      "C has negative components on the diag\n",
      "C has negative components on the diag\n",
      "C has negative components on the diag\n",
      "C has negative components on the diag\n",
      "C has negative components on the diag\n",
      "C has negative components on the diag\n",
      "C has negative components on the diag\n",
      "C has negative components on the diag\n",
      "C has negative components on the diag\n",
      "C has negative components on the diag\n",
      "C has negative components on the diag\n",
      "C has negative components on the diag\n",
      "C has negative components on the diag\n",
      "C has negative components on the diag\n",
      "C has negative components on the diag\n",
      "C has negative components on the diag\n",
      "C has negative components on the diag\n",
      "Error of iteration 2 is: 7895.2886805267135\n"
     ]
    },
    {
     "ename": "KeyboardInterrupt",
     "evalue": "",
     "output_type": "error",
     "traceback": [
      "\u001b[0;31m---------------------------------------------------------------------------\u001b[0m",
      "\u001b[0;31mKeyboardInterrupt\u001b[0m                         Traceback (most recent call last)",
      "\u001b[0;32m<ipython-input-106-0183c4872e69>\u001b[0m in \u001b[0;36m<module>\u001b[0;34m\u001b[0m\n\u001b[1;32m      9\u001b[0m     \u001b[0mgama\u001b[0m \u001b[0;34m=\u001b[0m \u001b[0;34m(\u001b[0m\u001b[0;36m1\u001b[0m \u001b[0;34m-\u001b[0m \u001b[0mlambda_\u001b[0m\u001b[0;34m)\u001b[0m \u001b[0;34m/\u001b[0m \u001b[0mlambdaNew_\u001b[0m\u001b[0;34m\u001b[0m\u001b[0;34m\u001b[0m\u001b[0m\n\u001b[1;32m     10\u001b[0m     \u001b[0mlambda_\u001b[0m \u001b[0;34m=\u001b[0m \u001b[0mlambdaNew_\u001b[0m\u001b[0;34m\u001b[0m\u001b[0;34m\u001b[0m\u001b[0m\n\u001b[0;32m---> 11\u001b[0;31m     \u001b[0mWGrad\u001b[0m \u001b[0;34m=\u001b[0m \u001b[0mtorch\u001b[0m\u001b[0;34m.\u001b[0m\u001b[0mautograd\u001b[0m\u001b[0;34m.\u001b[0m\u001b[0mgrad\u001b[0m\u001b[0;34m(\u001b[0m\u001b[0mE\u001b[0m\u001b[0;34m,\u001b[0m \u001b[0mW\u001b[0m\u001b[0;34m,\u001b[0m \u001b[0mcreate_graph\u001b[0m \u001b[0;34m=\u001b[0m \u001b[0;32mTrue\u001b[0m\u001b[0;34m,\u001b[0m \u001b[0mallow_unused\u001b[0m \u001b[0;34m=\u001b[0m \u001b[0;32mTrue\u001b[0m\u001b[0;34m)\u001b[0m\u001b[0;34m[\u001b[0m\u001b[0;36m0\u001b[0m\u001b[0;34m]\u001b[0m\u001b[0;34m\u001b[0m\u001b[0;34m\u001b[0m\u001b[0m\n\u001b[0m\u001b[1;32m     12\u001b[0m     \u001b[0mCGrad\u001b[0m \u001b[0;34m=\u001b[0m \u001b[0mtorch\u001b[0m\u001b[0;34m.\u001b[0m\u001b[0mautograd\u001b[0m\u001b[0;34m.\u001b[0m\u001b[0mgrad\u001b[0m\u001b[0;34m(\u001b[0m\u001b[0mE\u001b[0m\u001b[0;34m,\u001b[0m \u001b[0mC\u001b[0m\u001b[0;34m,\u001b[0m \u001b[0mcreate_graph\u001b[0m \u001b[0;34m=\u001b[0m \u001b[0;32mTrue\u001b[0m\u001b[0;34m,\u001b[0m \u001b[0mallow_unused\u001b[0m \u001b[0;34m=\u001b[0m \u001b[0;32mTrue\u001b[0m\u001b[0;34m)\u001b[0m\u001b[0;34m[\u001b[0m\u001b[0;36m0\u001b[0m\u001b[0;34m]\u001b[0m\u001b[0;34m\u001b[0m\u001b[0;34m\u001b[0m\u001b[0m\n\u001b[1;32m     13\u001b[0m     \u001b[0mCGrad\u001b[0m \u001b[0;34m=\u001b[0m \u001b[0mNormalizingGrad\u001b[0m\u001b[0;34m(\u001b[0m\u001b[0mCGrad\u001b[0m\u001b[0;34m)\u001b[0m\u001b[0;34m\u001b[0m\u001b[0;34m\u001b[0m\u001b[0m\n",
      "\u001b[0;32m~/anaconda3/lib/python3.7/site-packages/torch/autograd/__init__.py\u001b[0m in \u001b[0;36mgrad\u001b[0;34m(outputs, inputs, grad_outputs, retain_graph, create_graph, only_inputs, allow_unused)\u001b[0m\n\u001b[1;32m    155\u001b[0m     return Variable._execution_engine.run_backward(\n\u001b[1;32m    156\u001b[0m         \u001b[0moutputs\u001b[0m\u001b[0;34m,\u001b[0m \u001b[0mgrad_outputs\u001b[0m\u001b[0;34m,\u001b[0m \u001b[0mretain_graph\u001b[0m\u001b[0;34m,\u001b[0m \u001b[0mcreate_graph\u001b[0m\u001b[0;34m,\u001b[0m\u001b[0;34m\u001b[0m\u001b[0;34m\u001b[0m\u001b[0m\n\u001b[0;32m--> 157\u001b[0;31m         inputs, allow_unused)\n\u001b[0m\u001b[1;32m    158\u001b[0m \u001b[0;34m\u001b[0m\u001b[0m\n\u001b[1;32m    159\u001b[0m \u001b[0;34m\u001b[0m\u001b[0m\n",
      "\u001b[0;31mKeyboardInterrupt\u001b[0m: "
     ]
    }
   ],
   "source": [
    "# begin gradient descent\n",
    "lambda_ = 0\n",
    "YCNew = C\n",
    "\n",
    "while True:\n",
    "    print(\"Error of iteration\", flag, \"is:\", E.item())\n",
    "    EOld = E\n",
    "    lambdaNew_ = (1 + np.sqrt(1 + 4 * np.power(lambda_, 2))) / 2\n",
    "    gama = (1 - lambda_) / lambdaNew_\n",
    "    lambda_ = lambdaNew_\n",
    "    WGrad = torch.autograd.grad(E, W, create_graph = True, allow_unused = True)[0]\n",
    "    CGrad = torch.autograd.grad(E, C, create_graph = True, allow_unused = True)[0]\n",
    "    CGrad = NormalizingGrad(CGrad)\n",
    "    WGrad = NormalizingGrad(WGrad)\n",
    "    YWNew = W - torch.mul(WGrad, eta)\n",
    "    W = (1 - gama) * YWNew + gama * W\n",
    "    CheckW(W)\n",
    "    CheckC(C)\n",
    "    for j in range(numOfGaussian):\n",
    "        YCNew[j] = ExponentialMap(C[j], - eta * CGrad[j])\n",
    "        C[j] = ExponentialMap(YCNew[j], gama * LogMap(YCNew[j], YC[j]))\n",
    "    CheckYCNew(YCNew)\n",
    "    CheckC(C)\n",
    "    Xhat = GenerateXhat()\n",
    "    E = GenerateE()\n",
    "    if torch.abs(E - EOld) < epsilon:\n",
    "        print(\"The Final Error is:\", E)\n",
    "        break\n",
    "    flag += 1"
   ]
  },
  {
   "cell_type": "code",
   "execution_count": 95,
   "metadata": {},
   "outputs": [],
   "source": [
    "# helper functions\n",
    "def ImageChoosing(numEach, numOfClass):\n",
    "    selectedData = np.zeros((numEach * numOfClass, 256, 4))\n",
    "    selectedLabel = np.zeros(numEach * numOfClass)\n",
    "    count = np.zeros(numOfClass, dtype = int)\n",
    "    for i in range(label.size):\n",
    "        thisData = data[i]\n",
    "        thisLabel = label[i]\n",
    "        thisCount = count[thisLabel]\n",
    "        if thisCount < 100:\n",
    "            selectedData[thisLabel * 100 + thisCount] = data[i]\n",
    "            selectedLabel[thisLabel * 100 + thisCount] = label[i]\n",
    "            count[thisLabel] += 1\n",
    "        else:\n",
    "            exit = True\n",
    "            for j in range(10):\n",
    "                if count[j] < 100:\n",
    "                    exit = False\n",
    "            if exit:\n",
    "                break\n",
    "    return selectedData, selectedLabel\n",
    "\n",
    "def NormalizingW(W):\n",
    "    for i in range(W.shape[0]):\n",
    "        sumOfW = np.sum(W[i])\n",
    "        for j in range(W.shape[1]):\n",
    "            W[i][j] = W[i][j] / sumOfW\n",
    "    return W\n",
    "\n",
    "def GenerateX():\n",
    "    result = np.zeros((numOfClass * numOfImagesEachClass, 4, 4))\n",
    "    for i in range(numOfClass * numOfImagesEachClass):\n",
    "        thisData = selectedData[i]\n",
    "        gmm = GaussianMixture(n_components = 1)\n",
    "        gmm.fit(thisData)\n",
    "        means = gmm.means_\n",
    "        covariances = gmm.covariances_\n",
    "        result[i] = covariances\n",
    "    return result\n",
    "\n",
    "def GenerateXhat():\n",
    "    result = np.zeros((numOfClass * numOfImagesEachClass, 4, 4))\n",
    "    result = torch.from_numpy(result)\n",
    "    for i in range(numOfClass * numOfImagesEachClass):\n",
    "        A = 0\n",
    "        B = 0\n",
    "        for j in range(numOfGaussian):\n",
    "            A += W[i][j] * C[j]\n",
    "            B += W[i][j] * torch.inverse(C[j])\n",
    "        firstTerm = sqrtMatrix(torch.inverse(B))\n",
    "        secondTerm = sqrtMatrix(torch.mm(torch.mm(sqrtMatrix(B),A),sqrtMatrix(B)))\n",
    "        thirdTerm = firstTerm\n",
    "        result[i] = torch.mm(torch.mm(firstTerm, secondTerm), thirdTerm)\n",
    "    return result\n",
    "\n",
    "def sqrtMatrix(matrix):\n",
    "    u, s, v = torch.svd(matrix)\n",
    "    newS = torch.sqrt(torch.diag(s))\n",
    "    return torch.mm(torch.mm(u, newS), v.t())\n",
    "    \n",
    "def GenerateE():\n",
    "    E = 0\n",
    "    for i in range(numOfClass * numOfImagesEachClass):\n",
    "        E += (1 / 4) * (torch.mm(torch.inverse(X[i]), Xhat[i]) + torch.mm(torch.inverse(Xhat[i]), X[i]) - 8)\n",
    "    return torch.trace(E)\n",
    "\n",
    "def ExponentialMap(x, V):\n",
    "    svdTerm = torch.mm(torch.mm(sqrtMatrix(torch.inverse(x)), V), sqrtMatrix(torch.inverse(x)))\n",
    "    u, s, v = torch.svd(svdTerm)\n",
    "    temp = torch.exp(s)\n",
    "    newS = torch.diag(temp)\n",
    "    midTerm = torch.mm(torch.mm(u, newS), v.t())\n",
    "    return torch.mm(torch.mm(sqrtMatrix(x), midTerm), sqrtMatrix(x))\n",
    "\n",
    "def LogMap(x, Y):\n",
    "    u, s, v = torch.svd(Y)\n",
    "    newS = torch.diag(torch.log(s))\n",
    "    midTerm = torch.mm(torch.mm(u, newS), v.t())\n",
    "    return torch.mm(torch.mm(sqrtMatrix(x), midTerm), sqrtMatrix(x))\n",
    "    \n",
    "def NormalizingGrad(grad):\n",
    "    for i in range(grad.shape[0]):\n",
    "        sumOfGrad = torch.sum(grad[i])\n",
    "        for j in range(grad.shape[1]):\n",
    "            grad[i][j] = grad[i][j] / sumOfGrad\n",
    "    return grad\n",
    "\n",
    "def CheckW(W):\n",
    "    for i in range(W.shape[0]):\n",
    "        for j in range(W.shape[1]):\n",
    "            if W[i][j] < 0:\n",
    "                print(\"W has negative components\")\n",
    "\n",
    "def CheckC(C):\n",
    "    for i in range(C.shape[0]):\n",
    "        for j in range(C.shape[1]):\n",
    "            if C[i][j][j] < 0:\n",
    "                print(\"C has negative components on the diag\")\n",
    "\n",
    "def CheckYCNew(C):\n",
    "    for i in range(C.shape[0]):\n",
    "        for j in range(C.shape[1]):\n",
    "            if C[i][j][j] < 0:\n",
    "                print(\"YCNew has negative components on the diag\")"
   ]
  },
  {
   "cell_type": "code",
   "execution_count": 101,
   "metadata": {},
   "outputs": [
    {
     "name": "stdout",
     "output_type": "stream",
     "text": [
      "tensor([[[ 6.3311e-02,  2.7917e-06, -1.0903e-02, -2.9411e-03],\n",
      "         [ 2.7917e-06, -9.3894e-09, -5.2331e-07,  3.7663e-07],\n",
      "         [-1.0903e-02, -5.2331e-07, -1.5954e-03,  1.0121e-03],\n",
      "         [-2.9411e-03,  3.7663e-07,  1.0121e-03,  9.6394e-01]],\n",
      "\n",
      "        [[ 1.6240e-02,  9.4092e-08, -2.0637e-03,  1.5375e-03],\n",
      "         [ 9.4092e-08, -1.2325e-08, -1.7288e-07,  4.0265e-08],\n",
      "         [-2.0637e-03, -1.7288e-07, -2.2618e-03,  3.2353e-04],\n",
      "         [ 1.5375e-03,  4.0267e-08,  3.2353e-04,  9.8643e-01]],\n",
      "\n",
      "        [[ 1.9755e-03, -1.0003e-08, -4.0294e-04,  5.4565e-04],\n",
      "         [-1.0003e-08, -2.0633e-09,  3.5594e-08, -7.0336e-07],\n",
      "         [-4.0294e-04,  3.5594e-08, -4.9761e-04, -2.1850e-03],\n",
      "         [ 5.4565e-04, -7.0336e-07, -2.1850e-03,  1.0026e+00]],\n",
      "\n",
      "        [[ 1.0543e-02,  5.9585e-08, -2.3899e-03,  3.1896e-03],\n",
      "         [ 5.9585e-08, -1.0772e-08,  2.7011e-07,  5.6891e-07],\n",
      "         [-2.3899e-03,  2.7011e-07, -4.0943e-03, -5.2816e-04],\n",
      "         [ 3.1896e-03,  5.6891e-07, -5.2816e-04,  9.9301e-01]],\n",
      "\n",
      "        [[ 9.4609e-03, -3.9147e-08, -2.1973e-03,  1.8075e-03],\n",
      "         [-3.9147e-08, -9.9094e-09, -6.0996e-08, -1.7455e-07],\n",
      "         [-2.1973e-03, -6.0996e-08, -3.8609e-03,  5.1117e-04],\n",
      "         [ 1.8075e-03, -1.7455e-07,  5.1117e-04,  9.9416e-01]],\n",
      "\n",
      "        [[ 7.2669e-05, -3.1324e-09, -7.6300e-06,  4.8677e-03],\n",
      "         [-3.1324e-09, -5.1156e-12,  5.8966e-10, -4.1837e-07],\n",
      "         [-7.6300e-06,  5.8966e-10,  6.6918e-08, -1.0658e-03],\n",
      "         [ 4.8677e-03, -4.1837e-07, -1.0658e-03,  9.9234e-01]],\n",
      "\n",
      "        [[ 3.7864e-02, -1.3269e-06, -7.9954e-03,  4.8172e-03],\n",
      "         [-1.3269e-06, -9.5459e-09,  2.6921e-07,  9.6233e-07],\n",
      "         [-7.9954e-03,  2.6921e-07, -2.0757e-03, -3.9294e-04],\n",
      "         [ 4.8172e-03,  9.6233e-07, -3.9294e-04,  9.7135e-01]],\n",
      "\n",
      "        [[ 2.9843e-05,  1.2635e-09, -1.0702e-06,  3.7099e-04],\n",
      "         [ 1.2635e-09, -5.5921e-12,  2.4570e-13, -1.7521e-07],\n",
      "         [-1.0702e-06,  2.4570e-13, -1.2579e-06,  8.7818e-05],\n",
      "         [ 3.7099e-04, -1.7521e-07,  8.7818e-05,  9.9906e-01]],\n",
      "\n",
      "        [[ 1.8415e-02, -1.3867e-07, -2.3073e-03,  3.8894e-03],\n",
      "         [-1.3867e-07, -1.2083e-08,  4.1467e-08, -1.4221e-07],\n",
      "         [-2.3073e-03,  4.1467e-08, -2.5487e-03, -1.5841e-04],\n",
      "         [ 3.8894e-03, -1.4220e-07, -1.5841e-04,  9.8129e-01]],\n",
      "\n",
      "        [[ 5.7441e-06, -1.4019e-10, -7.3935e-07,  3.3085e-04],\n",
      "         [-1.4019e-10, -3.9565e-12, -1.2867e-10, -1.8976e-07],\n",
      "         [-7.3935e-07, -1.2867e-10, -7.1157e-07,  3.6896e-04],\n",
      "         [ 3.3085e-04, -1.8976e-07,  3.6896e-04,  9.9860e-01]]],\n",
      "       dtype=torch.float64, grad_fn=<CopySlices>)\n"
     ]
    }
   ],
   "source": [
    "print(CGrad)"
   ]
  }
 ],
 "metadata": {
  "kernelspec": {
   "display_name": "Python 3",
   "language": "python",
   "name": "python3"
  },
  "language_info": {
   "codemirror_mode": {
    "name": "ipython",
    "version": 3
   },
   "file_extension": ".py",
   "mimetype": "text/x-python",
   "name": "python",
   "nbconvert_exporter": "python",
   "pygments_lexer": "ipython3",
   "version": "3.7.3"
  }
 },
 "nbformat": 4,
 "nbformat_minor": 2
}
